Match	    Date             Player1	    Opponent	Year
0           Nov 29           344            510		2024
1           Nov 29            21             44		2024
2           Nov 29           143            457		2024
3           Nov 22            03             66		2024
4           Nov 22           776            644		2024
5           Nov 22            12             66		2024
6           Oct 24            13             66		2024
7           Oct 24            11             66		2024
8           Oct 24             3              8		2024
9           Sep 27            01             66		2024
10          Sep 11            00             66		2024
11          Sep 11            66             44		2024
12          May 28            32             66		2024
13          Apr 28            10             66		2024
14          Apr 28            34             66		2024
15          Apr 19             0              6		2024
16          Apr 19             1              6		2024
17          Apr 19            10             66		2024
18          Apr 12            10             66		2024
19           Feb 4            21             66		2024
20           Feb 4            21             66		2024
21           Feb 4            00             66		2024
22           Feb 4            41             66		2024
23          Jan 12             0              6		2024
24          Jan 12             1              6		2024
25          Jan 12             1              6		2024
1           Dec 10          3604          62110		2023
2           Sep 10            20             66		2023
3           Sep 10            01             66		2023
4           Sep 10            02             66		2023
5           Aug 25             2              6		2023
6           Aug 25             2              6		2023
7           Aug 25             4              6		2023
8           Aug 25             1              6		2023
9           May 14            42             66		2023
10          May 14            00             66		2023
11          Apr 30            00             66		2023
12          Apr 30            20             66		2023
13          Apr 30            00             66		2023
14           Apr 7             0              6		2023
15           Apr 7             2              6		2023
16           Apr 7             6              3		2023
17           Mar 5            10             66		2023
18           Mar 5            01             66		2023
19          Feb 12            66             42		2023
20          Feb 12            02             66		2023
21          Feb 12            00             66		2023
22          Feb 12            66             34		2023
23          Jan 29            00             44		2023
24          Jan 29            00             44		2023
25          Jan 13             0              8		2023
26          Jan 13             0              8		2023
0           Dec 11            10             66		2022
1           Dec 11            21             66		2022
2           Nov 25             0              4		2022
3           Nov 25             1              4		2022
4           Nov 25             0              4		2022
5           Nov 25             0              4		2022
6           Nov 25             2              4		2022
7           Nov 20            00             66		2022
8           Nov 20            24             66		2022
9           Nov 20            20             66		2022
10           Nov 6            53             76		2022
11          Sep 11            00             66		2022
12          Sep 11          5600          72110		2022
13          Sep 11             3              6		2022
14           Aug 5             0              6		2022
15           Aug 5             1              6		2022
16          May 14             3              6		2022
17           Apr 2            00             44		2022
18           Apr 1            00             44		2022
19           Apr 1            00             44		2022
20          Mar 27             0              8		2022
21          Mar 27            00             66		2022
22          Feb 27             0              8		2022
23          Feb 27            31             66		2022
24          Feb 13            00             66		2022
25          Feb 12            00             66		2022
26          Feb 13            31             66		2022
27          Feb 12            02             66		2022
28          Jan 14             0              6		2022
29          Jan 14             1              6		2022
30          Jan 14             0              6		2022

